306 psinorm ne(10^20/m^3) dne/dpsi
 0.000000   2.030284   -1.339390  
 0.004004   2.024966   -1.316801  
 0.008008   2.019738   -1.294624  
 0.012012   2.014599   -1.272563  
 0.016016   2.009547   -1.250802  
 0.020020   2.004582   -1.229280  
 0.024024   1.999703   -1.207997  
 0.028028   1.994908   -1.186953  
 0.032032   1.990197   -1.166149  
 0.036036   1.985569   -1.145583  
 0.040040   1.981023   -1.125135  
 0.044044   1.976558   -1.105168  
 0.048048   1.972173   -1.085320  
 0.052052   1.967867   -1.065710  
 0.056056   1.963638   -1.046339  
 0.060060   1.959487   -1.027327  
 0.064064   1.955412   -1.008315  
 0.068068   1.951412   -0.989720  
 0.072072   1.947487   -0.971246  
 0.076076   1.943634   -0.953071  
 0.080080   1.939854   -0.935134  
 0.084084   1.936145   -0.917436  
 0.088088   1.932507   -0.899978  
 0.092092   1.928938   -0.882758  
 0.096096   1.925438   -0.865777  
 0.100100   1.922005   -0.849036  
 0.104104   1.918638   -0.832533  
 0.108108   1.915337   -0.816269  
 0.112112   1.912101   -0.800245  
 0.116116   1.908929   -0.784459  
 0.120120   1.905819   -0.768913  
 0.124124   1.902771   -0.753605  
 0.128128   1.899784   -0.738537  
 0.132132   1.896856   -0.723707  
 0.136136   1.893988   -0.709116  
 0.140140   1.891178   -0.694765  
 0.144144   1.888424   -0.680652  
 0.148148   1.885727   -0.666779  
 0.152152   1.883084   -0.653144  
 0.156156   1.880496   -0.639749  
 0.160160   1.877961   -0.626592  
 0.164164   1.875478   -0.613675  
 0.168168   1.873046   -0.600996  
 0.172172   1.870665   -0.588557  
 0.176176   1.868333   -0.576357  
 0.180180   1.866049   -0.564395  
 0.184184   1.863813   -0.552673  
 0.188188   1.861623   -0.541246  
 0.195195   1.857900   -0.521668  
 0.200200   1.855323   -0.508173  
 0.205205   1.852812   -0.495051  
 0.210210   1.850367   -0.482303  
 0.216216   1.847515   -0.467497  
 0.222222   1.844750   -0.453230  
 0.228228   1.842069   -0.439500  
 0.234234   1.839470   -0.426309  
 0.240240   1.836947   -0.413655  
 0.246246   1.834500   -0.401538  
 0.252252   1.832123   -0.389960  
 0.258258   1.829814   -0.378919  
 0.264264   1.827570   -0.368416  
 0.270270   1.825388   -0.358451  
 0.276276   1.823264   -0.349023  
 0.282282   1.821194   -0.340133  
 0.288288   1.819177   -0.331782  
 0.294294   1.817208   -0.323967  
 0.300300   1.815284   -0.316691  
 0.301301   1.814968   -0.315531  
 0.308308   1.812785   -0.307826  
 0.315315   1.810652   -0.300853  
 0.322322   1.808567   -0.294612  
 0.329329   1.806522   -0.289103  
 0.336336   1.804514   -0.284326  
 0.343343   1.802536   -0.280281  
 0.350350   1.800584   -0.276968  
 0.357357   1.798653   -0.274387  
 0.364364   1.796737   -0.272537  
 0.371371   1.794832   -0.271420  
 0.378378   1.792932   -0.271035  
 0.385385   1.791032   -0.271382  
 0.392392   1.789127   -0.272461  
 0.399399   1.787212   -0.274271  
 0.406406   1.785282   -0.276814  
 0.413413   1.783331   -0.280089  
 0.420420   1.781355   -0.284095  
 0.427427   1.779348   -0.288834  
 0.434434   1.777305   -0.294304  
 0.441441   1.775222   -0.300507  
 0.448448   1.773092   -0.307441  
 0.455455   1.770912   -0.315107  
 0.462462   1.768675   -0.323506  
 0.469469   1.766376   -0.332636  
 0.476476   1.764012   -0.342498  
 0.483483   1.761575   -0.353093  
 0.490490   1.759062   -0.364419  
 0.497497   1.756466   -0.376477  
 0.504505   1.753784   -0.389267  
 0.511512   1.751009   -0.402789  
 0.518519   1.748138   -0.417044  
 0.525526   1.745163   -0.432030  
 0.532533   1.742081   -0.447748  
 0.539540   1.738887   -0.464198  
 0.546547   1.735575   -0.481379  
 0.553554   1.732139   -0.499294  
 0.560561   1.728576   -0.517939  
 0.567568   1.724879   -0.537317  
 0.574575   1.721044   -0.557427  
 0.581582   1.717066   -0.578269  
 0.588589   1.712939   -0.599843  
 0.595596   1.708658   -0.622148  
 0.602603   1.704218   -0.645186  
 0.609610   1.699614   -0.668956  
 0.616617   1.694842   -0.693457  
 0.624625   1.689173   -0.722355  
 0.630631   1.684768   -0.744656  
 0.636637   1.680228   -0.767495  
 0.642643   1.675548   -0.790871  
 0.648649   1.670727   -0.814786  
 0.654655   1.665760   -0.839238  
 0.660661   1.660645   -0.864228  
 0.666667   1.655378   -0.889756  
 0.672673   1.649956   -0.915821  
 0.678679   1.644376   -0.942424  
 0.685686   1.637661   -0.974141  
 0.690691   1.632728   -0.997244  
 0.695696   1.627678   -1.020720  
 0.700701   1.622510   -1.044570  
 0.705706   1.617222   -1.068793  
 0.710711   1.611811   -1.093390  
 0.715716   1.606276   -1.118360  
 0.720721   1.600616   -1.143704  
 0.725726   1.594827   -1.169421  
 0.730731   1.588909   -1.195511  
 0.735736   1.582860   -1.221975  
 0.740741   1.576677   -1.248813  
 0.745746   1.570358   -1.276023  
 0.750751   1.563903   -1.303751  
 0.755756   1.557308   -1.331566  
 0.760761   1.550573   -1.359897  
 0.764765   1.545082   -1.382831  
 0.768769   1.539499   -1.406004  
 0.772773   1.533823   -1.429416  
 0.776777   1.528052   -1.453067  
 0.780781   1.522186   -1.476956  
 0.784785   1.516224   -1.501085  
 0.788789   1.510165   -1.525453  
 0.792793   1.504008   -1.550060  
 0.796797   1.497752   -1.574906  
 0.800801   1.491396   -1.599991  
 0.804805   1.484939   -1.625315  
 0.808809   1.478380   -1.650878  
 0.812813   1.471719   -1.676680  
 0.816817   1.464953   -1.702721  
 0.820821   1.458083   -1.729001  
 0.822823   1.454608   -1.742231  
 0.825826   1.449346   -1.762187  
 0.828829   1.444024   -1.782278  
 0.831832   1.438642   -1.802503  
 0.834835   1.433198   -1.822863  
 0.837838   1.427694   -1.843357  
 0.840841   1.422127   -1.863986  
 0.843844   1.416498   -1.884749  
 0.846847   1.410807   -1.905647  
 0.849850   1.405053   -1.926550  
 0.852853   1.399235   -1.947846  
 0.855856   1.393354   -1.969146  
 0.858859   1.387409   -1.990582  
 0.861862   1.381398   -2.012151  
 0.864865   1.375323   -2.033855  
 0.867868   1.369183   -2.055693  
 0.870871   1.362977   -2.077666  
 0.873874   1.356704   -2.099772  
 0.876877   1.350365   -2.122013  
 0.879880   1.343959   -2.144387  
 0.882883   1.337486   -2.166894  
 0.885886   1.330945   -2.189535  
 0.888889   1.324336   -2.212308  
 0.892893   1.315416   -2.242877  
 0.894895   1.310911   -2.258249  
 0.896897   1.306374   -2.273679  
 0.898899   1.301807   -2.289167  
 0.900901   1.297209   -2.304713  
 0.902903   1.292579   -2.320318  
 0.904905   1.287918   -2.335984  
 0.906907   1.283226   -2.351712  
 0.908909   1.278502   -2.367507  
 0.910911   1.273746   -2.383375  
 0.912913   1.268959   -2.399328  
 0.914915   1.264139   -2.415383  
 0.916917   1.259287   -2.431566  
 0.918919   1.254403   -2.447918  
 0.920921   1.249486   -2.464501  
 0.922923   1.244535   -2.481408  
 0.924925   1.239550   -2.498775  
 0.926927   1.234530   -2.516808  
 0.928929   1.229472   -2.535806  
 0.930931   1.224375   -2.556208  
 0.932933   1.219236   -2.578654  
 0.934935   1.214049   -2.604075  
 0.936937   1.208807   -2.633810  
 0.938939   1.203500   -2.669787  
 0.940941   1.198113   -2.714759  
 0.942943   1.192624   -2.772630  
 0.944945   1.187002   -2.848898  
 0.946947   1.181204   -2.951221  
 0.948949   1.175167   -3.090115  
 0.950951   1.168806   -3.279869  
 0.951952   1.165467   -3.399238  
 0.952953   1.162000   -3.538758  
 0.953954   1.158383   -3.701420  
 0.954955   1.154590   -3.890619  
 0.955956   1.150594   -4.110003  
 0.956957   1.146362   -4.363398  
 0.957958   1.141858   -4.654684  
 0.958959   1.137043   -4.987618  
 0.959960   1.131873   -5.365586  
 0.960961   1.126301   -5.791288  
 0.961962   1.120279   -6.266343  
 0.962963   1.113756   -6.790838  
 0.963964   1.106684   -7.362829  
 0.964965   1.099016   -7.977852  
 0.965966   1.090712   -8.628503  
 0.966967   1.081741   -9.304164  
 0.967968   1.072085   -9.990973  
 0.968969   1.061740   -10.672120 
 0.969970   1.050719   -11.328526 
 0.970971   1.039060   -11.939904 
 0.971972   1.026816   -12.486150 
 0.972973   1.014063   -12.948905 
 0.973974   1.000892   -13.313109 
 0.974975   0.987410   -13.568300 
 0.975976   0.973728   -13.709482 
 0.976977   0.959963   -13.737414 
 0.977978   0.946226   -13.658294 
 0.978979   0.932619   -13.482927 
 0.979980   0.919233   -13.225518 
 0.980981   0.906142   -12.902289 
 0.981982   0.893403   -12.530136 
 0.982983   0.881057   -12.125446 
 0.983984   0.869128   -11.703204 
 0.984985   0.857627   -11.276395 
 0.985986   0.846552   -10.855707 
 0.986987   0.835894   -10.449475 
 0.987988   0.825632   -10.063805 
 0.988989   0.815746   -9.702818  
 0.989990   0.806207   -9.368951  
 0.990991   0.796989   -9.063280  
 0.991992   0.788063   -8.785822  
 0.992993   0.779400   -8.535815  
 0.993994   0.770974   -8.311950  
 0.994995   0.762759   -8.112566  
 0.995996   0.754733   -7.935799  
 0.996997   0.746872   -7.779700  
 0.997998   0.739158   -7.642319  
 0.998999   0.731572   -7.521762  
 1.000000   0.724099   -7.416234  
 1.001001   0.716725   -7.324062  
 1.002002   0.709436   -7.243704  
 1.003003   0.702223   -7.173761  
 1.004004   0.695074   -7.112967  
 1.005005   0.687983   -7.060191  
 1.006006   0.680940   -7.014423  
 1.007007   0.673940   -6.974770  
 1.008008   0.666976   -6.940444  
 1.009009   0.660045   -6.910749  
 1.010010   0.653141   -6.885077  
 1.011011   0.646261   -6.862896  
 1.012012   0.639402   -6.843740  
 1.013013   0.632560   -6.827205  
 1.014014   0.625733   -6.812937  
 1.015015   0.618920   -6.800630  
 1.016016   0.612119   -6.790019  
 1.017017   0.605327   -6.780871  
 1.018018   0.598543   -6.772988  
 1.019019   0.591767   -6.766196  
 1.020020   0.584997   -6.760346  
 1.021021   0.578233   -6.755308  
 1.022022   0.571473   -6.750970  
 1.023023   0.564718   -6.747236  
 1.024024   0.557965   -6.744022  
 1.025025   0.551216   -6.741256  
 1.026026   0.544469   -6.738877  
 1.027027   0.537725   -6.736829  
 1.028028   0.530982   -6.735069  
 1.029029   0.524241   -6.733554  
 1.030030   0.517502   -6.732252  
 1.031031   0.510763   -6.731132  
 1.032032   0.504026   -6.730169  
 1.033033   0.497289   -6.729342  
 1.034034   0.490554   -6.728631  
 1.035035   0.483819   -6.728020  
 1.036036   0.477084   -6.727494  
 1.037037   0.470350   -6.727043  
 1.038038   0.463617   -6.726655  
 1.039039   0.456883   -6.726322  
 1.040040   0.450151   -6.726036  
 1.041041   0.443418   -6.725790  
 1.042042   0.436686   -6.725579  
 1.043043   0.429953   -6.725398  
 1.044044   0.423221   -6.725242  
 1.045045   0.416489   -6.725109  
 1.046046   0.409758   -6.724994  
 1.047047   0.403026   -6.724896  
 1.048048   0.396294   -6.724811  
 1.049049   0.389563   -6.724739  
 1.050050   0.382831   -6.724672  
306 psinorm te(KeV) dte/dpsi
 0.000000   5.165080   -4.924115  
 0.004004   5.145331   -4.940543  
 0.008008   5.125516   -4.957185  
 0.012012   5.105636   -4.973265  
 0.016016   5.085691   -4.989251  
 0.020020   5.065682   -5.004988  
 0.024024   5.045611   -5.020476  
 0.028028   5.025478   -5.035714  
 0.032032   5.005285   -5.050703  
 0.036036   4.985033   -5.065442  
 0.040040   4.964722   -5.079628  
 0.044044   4.944353   -5.094172  
 0.048048   4.923928   -5.108162  
 0.052052   4.903447   -5.121903  
 0.056056   4.882912   -5.135395  
 0.060060   4.862323   -5.148933  
 0.064064   4.841682   -5.161629  
 0.068068   4.820989   -5.174519  
 0.072072   4.800246   -5.186865  
 0.076076   4.779453   -5.199109  
 0.080080   4.758611   -5.211104  
 0.084084   4.737723   -5.222848  
 0.088088   4.716787   -5.234344  
 0.092092   4.695806   -5.245589  
 0.096096   4.674781   -5.256586  
 0.100100   4.653712   -5.267332  
 0.104104   4.632600   -5.277830  
 0.108108   4.611447   -5.288077  
 0.112112   4.590254   -5.298075  
 0.116116   4.569020   -5.307824  
 0.120120   4.547749   -5.317323  
 0.124124   4.526440   -5.326573  
 0.128128   4.505094   -5.335573  
 0.132132   4.483713   -5.344323  
 0.136136   4.462297   -5.352824  
 0.140140   4.440847   -5.361076  
 0.144144   4.419366   -5.369078  
 0.148148   4.397852   -5.376830  
 0.152152   4.376308   -5.384333  
 0.156156   4.354735   -5.391587  
 0.160160   4.333133   -5.398590  
 0.164164   4.311503   -5.405345  
 0.168168   4.289847   -5.411850  
 0.172172   4.268165   -5.418105  
 0.176176   4.246459   -5.424111  
 0.180180   4.224729   -5.429867  
 0.184184   4.202977   -5.435374  
 0.188188   4.181203   -5.440758  
 0.195195   4.143050   -5.449230  
 0.200200   4.115762   -5.454905  
 0.205205   4.088447   -5.460190  
 0.210210   4.061106   -5.465085  
 0.216216   4.028266   -5.470444  
 0.222222   3.995396   -5.475242  
 0.228228   3.962499   -5.479479  
 0.234234   3.929578   -5.483154  
 0.240240   3.896636   -5.486268  
 0.246246   3.863678   -5.488820  
 0.252252   3.830706   -5.490811  
 0.258258   3.797723   -5.492240  
 0.264264   3.764734   -5.493108  
 0.270270   3.731741   -5.493414  
 0.276276   3.698748   -5.493159  
 0.282282   3.665758   -5.492343  
 0.288288   3.632775   -5.490965  
 0.294294   3.599802   -5.489026  
 0.300300   3.566842   -5.486525  
 0.301301   3.561350   -5.486054  
 0.308308   3.522922   -5.482318  
 0.315315   3.484523   -5.477817  
 0.322322   3.446157   -5.472553  
 0.329329   3.407832   -5.466524  
 0.336336   3.369551   -5.459731  
 0.343343   3.331321   -5.452174  
 0.350350   3.293146   -5.443853  
 0.357357   3.255032   -5.434768  
 0.364364   3.216985   -5.424918  
 0.371371   3.179009   -5.414305  
 0.378378   3.141110   -5.402927  
 0.385385   3.103294   -5.390785  
 0.392392   3.065566   -5.377879  
 0.399399   3.027930   -5.364208  
 0.406406   2.990393   -5.349774  
 0.413413   2.952960   -5.334575  
 0.420420   2.915636   -5.318612  
 0.427427   2.878427   -5.301885  
 0.434434   2.841337   -5.284394  
 0.441441   2.804373   -5.266138  
 0.448448   2.767539   -5.247119  
 0.455455   2.730842   -5.227335  
 0.462462   2.694285   -5.206787  
 0.469469   2.657875   -5.185475  
 0.476476   2.621618   -5.163399  
 0.483483   2.585517   -5.140559  
 0.490490   2.549579   -5.116954  
 0.497497   2.513810   -5.092586  
 0.504505   2.478214   -5.067453  
 0.511512   2.442796   -5.041556  
 0.518519   2.407563   -5.014894  
 0.525526   2.372519   -4.987469  
 0.532533   2.337670   -4.959280  
 0.539540   2.303022   -4.930326  
 0.546547   2.268579   -4.900608  
 0.553554   2.234346   -4.870126  
 0.560561   2.200330   -4.838880  
 0.567568   2.166536   -4.806869  
 0.574575   2.132968   -4.774095  
 0.581582   2.099633   -4.740556  
 0.588589   2.066536   -4.706253  
 0.595596   2.033681   -4.671186  
 0.602603   2.001076   -4.635355  
 0.609610   1.968723   -4.598760  
 0.616617   1.936630   -4.561400  
 0.624625   1.900277   -4.517768  
 0.630631   1.873243   -4.484388  
 0.636637   1.846411   -4.450448  
 0.642643   1.819785   -4.415946  
 0.648649   1.793368   -4.380882  
 0.654655   1.767163   -4.345257  
 0.660661   1.741173   -4.309070  
 0.666667   1.715403   -4.272323  
 0.672673   1.689855   -4.235013  
 0.678679   1.664533   -4.197143  
 0.685686   1.635281   -4.152251  
 0.690691   1.614580   -4.119717  
 0.695696   1.594043   -4.086794  
 0.700701   1.573672   -4.053480  
 0.705706   1.553468   -4.019777  
 0.710711   1.533434   -3.985684  
 0.715716   1.513572   -3.951201  
 0.720721   1.493884   -3.916328  
 0.725726   1.474370   -3.881065  
 0.730731   1.455035   -3.845413  
 0.735736   1.435878   -3.809370  
 0.740741   1.416903   -3.772938  
 0.745746   1.398112   -3.736116  
 0.750751   1.379505   -3.699029  
 0.755756   1.361086   -3.661301  
 0.760761   1.342856   -3.623310  
 0.764765   1.328410   -3.592636  
 0.768769   1.314087   -3.561712  
 0.772773   1.299888   -3.530540  
 0.776777   1.285815   -3.499118  
 0.780781   1.271867   -3.467446  
 0.784785   1.258048   -3.435526  
 0.788789   1.244356   -3.403357  
 0.792793   1.230794   -3.370939  
 0.796797   1.217362   -3.338273  
 0.800801   1.204061   -3.305359  
 0.804805   1.190893   -3.272198  
 0.808809   1.177858   -3.238790  
 0.812813   1.164957   -3.205137  
 0.816817   1.152191   -3.171241  
 0.820821   1.139562   -3.137104  
 0.822823   1.133299   -3.119947  
 0.825826   1.123968   -3.094100  
 0.828829   1.114715   -3.068123  
 0.831832   1.105541   -3.042018  
 0.834835   1.096445   -3.015789  
 0.837838   1.087428   -2.989442  
 0.840841   1.078491   -2.962981  
 0.843844   1.069633   -2.936414  
 0.846847   1.060855   -2.909751  
 0.849850   1.052157   -2.882908  
 0.852853   1.043539   -2.856189  
 0.855856   1.035002   -2.829327  
 0.858859   1.026546   -2.802443  
 0.861862   1.018171   -2.775571  
 0.864865   1.009876   -2.748753  
 0.867868   1.001662   -2.722043  
 0.870871   0.993527   -2.695511  
 0.873874   0.985472   -2.669245  
 0.876877   0.977496   -2.643361  
 0.879880   0.969596   -2.618003  
 0.882883   0.961771   -2.593357  
 0.885886   0.954019   -2.569664  
 0.888889   0.946337   -2.547226  
 0.892893   0.936194   -2.519954  
 0.894895   0.931161   -2.507791  
 0.896897   0.926152   -2.496860  
 0.898899   0.921163   -2.487393  
 0.900901   0.916191   -2.479661  
 0.902903   0.911233   -2.473983  
 0.904905   0.906284   -2.470734  
 0.906907   0.901339   -2.470355  
 0.908909   0.896391   -2.473364  
 0.910911   0.891434   -2.480367  
 0.912913   0.886458   -2.492077  
 0.914915   0.881453   -2.509327  
 0.916917   0.876407   -2.533092  
 0.918919   0.871306   -2.564511  
 0.920921   0.866134   -2.604908  
 0.922923   0.860871   -2.655825  
 0.924925   0.855494   -2.719049  
 0.926927   0.849977   -2.796642  
 0.928929   0.844288   -2.890979  
 0.930931   0.838392   -3.004778  
 0.932933   0.832246   -3.141132  
 0.934935   0.825801   -3.303534  
 0.936937   0.819003   -3.495892  
 0.938939   0.811787   -3.722534  
 0.940941   0.804079   -3.988176  
 0.942943   0.795796   -4.297869  
 0.944945   0.786845   -4.656887  
 0.946947   0.777122   -5.070558  
 0.948949   0.766513   -5.544003  
 0.950951   0.754892   -6.081873  
 0.951952   0.748661   -6.375980  
 0.952953   0.742127   -6.687451  
 0.953954   0.735273   -7.016394  
 0.954955   0.728080   -7.362842  
 0.955956   0.720532   -7.726652  
 0.956957   0.712611   -8.107483  
 0.957958   0.704301   -8.504765  
 0.958959   0.695585   -8.917673  
 0.959960   0.686448   -9.345097  
 0.960961   0.676876   -9.785620  
 0.961962   0.666857   -10.237490 
 0.962963   0.656380   -10.698607 
 0.963964   0.645438   -11.166504 
 0.964965   0.634025   -11.638347 
 0.965966   0.622138   -12.110930 
 0.966967   0.609779   -12.580696 
 0.967968   0.596952   -13.043754 
 0.968969   0.583665   -13.495924 
 0.969970   0.569933   -13.932778 
 0.970971   0.555772   -14.349715 
 0.971972   0.541205   -14.742028 
 0.972973   0.526258   -15.104999 
 0.973974   0.510965   -15.433995 
 0.974975   0.495360   -15.724573 
 0.975976   0.479484   -15.972588 
 0.976977   0.463382   -16.174303 
 0.977978   0.447103   -16.326491 
 0.978979   0.430697   -16.426526 
 0.979980   0.414217   -16.472465 
 0.980981   0.397719   -16.463106 
 0.981982   0.381258   -16.398031 
 0.982983   0.364890   -16.277623 
 0.983984   0.348670   -16.103054 
 0.984985   0.332652   -15.876259 
 0.985986   0.316886   -15.599881 
 0.986987   0.301421   -15.277196 
 0.987988   0.286301   -14.912024 
 0.988989   0.271567   -14.508626 
 0.989990   0.257255   -14.071599 
 0.990991   0.243395   -13.605756 
 0.991992   0.230016   -13.116024 
 0.992993   0.217137   -12.607332 
 0.993994   0.204776   -12.084519 
 0.994995   0.192944   -11.552247 
 0.995996   0.181648   -11.014930 
 0.996997   0.170892   -10.476676 
 0.997998   0.160674   -9.941245  
 0.998999   0.150990   -9.412017  
 1.000000   0.141831   -8.891979  
 1.001001   0.133188   -8.383714  
 1.002002   0.125047   -7.889412  
 1.003003   0.117393   -7.410882  
 1.004004   0.110210   -6.949568  
 1.005005   0.103480   -6.506578  
 1.006006   0.097184   -6.082709  
 1.007007   0.091303   -5.678480  
 1.008008   0.085816   -5.294161  
 1.009009   0.080704   -4.929806  
 1.010010   0.075946   -4.585280  
 1.011011   0.071524   -4.260290  
 1.012012   0.067417   -3.954411  
 1.013013   0.063607   -3.667114  
 1.014014   0.060076   -3.397781  
 1.015015   0.056805   -3.145733  
 1.016016   0.053778   -2.910240  
 1.017017   0.050979   -2.690545  
 1.018018   0.048392   -2.485868  
 1.019019   0.046002   -2.295426  
 1.020020   0.043796   -2.118434  
 1.021021   0.041761   -1.954120  
 1.022022   0.039884   -1.801727  
 1.023023   0.038154   -1.660518  
 1.024024   0.036560   -1.529782  
 1.025025   0.035091   -1.408837  
 1.026026   0.033739   -1.297027  
 1.027027   0.032495   -1.193731  
 1.028028   0.031349   -1.098357  
 1.029029   0.030296   -1.010346  
 1.030030   0.029327   -0.929171  
 1.031031   0.028435   -0.854335  
 1.032032   0.027616   -0.785373  
 1.033033   0.026863   -0.721849  
 1.034034   0.026171   -0.663354  
 1.035035   0.025535   -0.609509  
 1.036036   0.024951   -0.559958  
 1.037037   0.024414   -0.514372  
 1.038038   0.023921   -0.472443  
 1.039039   0.023468   -0.433888  
 1.040040   0.023052   -0.398442  
 1.041041   0.022670   -0.365861  
 1.042042   0.022320   -0.335919  
 1.043043   0.021998   -0.308406  
 1.044044   0.021702   -0.283129  
 1.045045   0.021431   -0.259909  
 1.046046   0.021182   -0.238582  
 1.047047   0.020954   -0.218995  
 1.048048   0.020744   -0.201008  
 1.049049   0.020551   -0.184492  
 1.050050   0.020374   -0.168680  
306 psinorm ni(10^20/m^3) dni/dpsi
 0.000000   1.835023   -1.164239  
 0.004004   1.830397   -1.146374  
 0.008008   1.825842   -1.128510  
 0.012012   1.821360   -1.110646  
 0.016016   1.816948   -1.092781  
 0.020020   1.812609   -1.074917  
 0.024024   1.808341   -1.057052  
 0.028028   1.804144   -1.039188  
 0.032032   1.800019   -1.021323  
 0.036036   1.795965   -1.003459  
 0.040040   1.791983   -0.985595  
 0.044044   1.788072   -0.967730  
 0.048048   1.784233   -0.949866  
 0.052052   1.780466   -0.932002  
 0.056056   1.776770   -0.914137  
 0.060060   1.773145   -0.896273  
 0.064064   1.769593   -0.878408  
 0.068068   1.766111   -0.860544  
 0.072072   1.762701   -0.842680  
 0.076076   1.759363   -0.824815  
 0.080080   1.756096   -0.806951  
 0.084084   1.752901   -0.789086  
 0.088088   1.749777   -0.771222  
 0.092092   1.746725   -0.753358  
 0.096096   1.743744   -0.735493  
 0.100100   1.740835   -0.717629  
 0.104104   1.737997   -0.699682  
 0.108108   1.735232   -0.681613  
 0.112112   1.732539   -0.663544  
 0.116116   1.729918   -0.645476  
 0.120120   1.727370   -0.627407  
 0.124124   1.724894   -0.609338  
 0.128128   1.722491   -0.591269  
 0.132132   1.720159   -0.573200  
 0.136136   1.717900   -0.555131  
 0.140140   1.715714   -0.537062  
 0.144144   1.713600   -0.518993  
 0.148148   1.711558   -0.500924  
 0.152152   1.709588   -0.482855  
 0.156156   1.707691   -0.464786  
 0.160160   1.705866   -0.446717  
 0.164164   1.704114   -0.428648  
 0.168168   1.702433   -0.410579  
 0.172172   1.700826   -0.392511  
 0.176176   1.699290   -0.374442  
 0.180180   1.697827   -0.356373  
 0.184184   1.696436   -0.338304  
 0.188188   1.695118   -0.320235  
 0.195195   1.692918   -0.310252  
 0.200200   1.691378   -0.305146  
 0.205205   1.689863   -0.300040  
 0.210210   1.688375   -0.294935  
 0.216216   1.686622   -0.288808  
 0.222222   1.684905   -0.282681  
 0.228228   1.683226   -0.276554  
 0.234234   1.681583   -0.270427  
 0.240240   1.679978   -0.264300  
 0.246246   1.678409   -0.258174  
 0.252252   1.676876   -0.252047  
 0.258258   1.675381   -0.245920  
 0.264264   1.673922   -0.239793  
 0.270270   1.672501   -0.233666  
 0.276276   1.671116   -0.227540  
 0.282282   1.669767   -0.221413  
 0.288288   1.668456   -0.215286  
 0.294294   1.667181   -0.209159  
 0.300300   1.665944   -0.203032  
 0.301301   1.665741   -0.202011  
 0.308308   1.664350   -0.194863  
 0.315315   1.663010   -0.187715  
 0.322322   1.661709   -0.186937  
 0.329329   1.660377   -0.193223  
 0.336336   1.659001   -0.199509  
 0.343343   1.657581   -0.205795  
 0.350350   1.656117   -0.212082  
 0.357357   1.654609   -0.218368  
 0.364364   1.653057   -0.224654  
 0.371371   1.651461   -0.230940  
 0.378378   1.649821   -0.237226  
 0.385385   1.648136   -0.243512  
 0.392392   1.646408   -0.249799  
 0.399399   1.644636   -0.256085  
 0.406406   1.642819   -0.262371  
 0.413413   1.640959   -0.268657  
 0.420420   1.639055   -0.274943  
 0.427427   1.637106   -0.281229  
 0.434434   1.635113   -0.287516  
 0.441441   1.633077   -0.293802  
 0.448448   1.630996   -0.300088  
 0.455455   1.628849   -0.313181  
 0.462462   1.626607   -0.326855  
 0.469469   1.624269   -0.340529  
 0.476476   1.621835   -0.354203  
 0.483483   1.619305   -0.367878  
 0.490490   1.616679   -0.381552  
 0.497497   1.613958   -0.395226  
 0.504505   1.611140   -0.408900  
 0.511512   1.608227   -0.422575  
 0.518519   1.605218   -0.436249  
 0.525526   1.602114   -0.449923  
 0.532533   1.598913   -0.463597  
 0.539540   1.595617   -0.477272  
 0.546547   1.592220   -0.493233  
 0.553554   1.588703   -0.510433  
 0.560561   1.585067   -0.527633  
 0.567568   1.581309   -0.544833  
 0.574575   1.577431   -0.562032  
 0.581582   1.573433   -0.579232  
 0.588589   1.569314   -0.596432  
 0.595596   1.565074   -0.613631  
 0.602603   1.560714   -0.630831  
 0.609610   1.556232   -0.649730  
 0.616617   1.551603   -0.671491  
 0.624625   1.546126   -0.696362  
 0.630631   1.541888   -0.715014  
 0.636637   1.537537   -0.733667  
 0.642643   1.533075   -0.752320  
 0.648649   1.528500   -0.770972  
 0.654655   1.523814   -0.789625  
 0.660661   1.519009   -0.811441  
 0.666667   1.514065   -0.834659  
 0.672673   1.508983   -0.857877  
 0.678679   1.503761   -0.881095  
 0.685686   1.497492   -0.908183  
 0.690691   1.492898   -0.927531  
 0.695696   1.488207   -0.946880  
 0.700701   1.483415   -0.968549  
 0.705706   1.478512   -0.990663  
 0.710711   1.473498   -1.012777  
 0.715716   1.468374   -1.034890  
 0.720721   1.463139   -1.057004  
 0.725726   1.457793   -1.079118  
 0.730731   1.452337   -1.101671  
 0.735736   1.446760   -1.126796  
 0.740741   1.441058   -1.151922  
 0.745746   1.435229   -1.177047  
 0.750751   1.429275   -1.202172  
 0.755756   1.423196   -1.227297  
 0.760761   1.416990   -1.252460  
 0.764765   1.411935   -1.272645  
 0.768769   1.406799   -1.292830  
 0.772773   1.401582   -1.313015  
 0.776777   1.396284   -1.333201  
 0.780781   1.390905   -1.353386  
 0.784785   1.385446   -1.373824  
 0.788789   1.379898   -1.397553  
 0.792793   1.374255   -1.421283  
 0.796797   1.368516   -1.445012  
 0.800801   1.362683   -1.468742  
 0.804805   1.356755   -1.492471  
 0.808809   1.350731   -1.515443  
 0.812813   1.344621   -1.536855  
 0.816817   1.338424   -1.558267  
 0.820821   1.332142   -1.579679  
 0.822823   1.328969   -1.590386  
 0.825826   1.324169   -1.606445  
 0.828829   1.319320   -1.623639  
 0.831832   1.314414   -1.643811  
 0.834835   1.309448   -1.663983  
 0.837838   1.304420   -1.684155  
 0.840841   1.299332   -1.704327  
 0.843844   1.294184   -1.724499  
 0.846847   1.288975   -1.744671  
 0.849850   1.283704   -1.765678  
 0.852853   1.278370   -1.786730  
 0.855856   1.272973   -1.807782  
 0.858859   1.267513   -1.828834  
 0.861862   1.261989   -1.849886  
 0.864865   1.256403   -1.870273  
 0.867868   1.250758   -1.889016  
 0.870871   1.245057   -1.907760  
 0.873874   1.239300   -1.926504  
 0.876877   1.233487   -1.945248  
 0.879880   1.227617   -1.963991  
 0.882883   1.221691   -1.983032  
 0.885886   1.215707   -2.002086  
 0.888889   1.209666   -2.021139  
 0.892893   1.201523   -2.046544  
 0.894895   1.197413   -2.059246  
 0.896897   1.193277   -2.072029  
 0.898899   1.189116   -2.084816  
 0.900901   1.184929   -2.097603  
 0.902903   1.180717   -2.110391  
 0.904905   1.176480   -2.123178  
 0.906907   1.172216   -2.135965  
 0.908909   1.167927   -2.148752  
 0.910911   1.163612   -2.161946  
 0.912913   1.159271   -2.175159  
 0.914915   1.154903   -2.188372  
 0.916917   1.150508   -2.201585  
 0.918919   1.146088   -2.214798  
 0.920921   1.141640   -2.228011  
 0.922923   1.137170   -2.234910  
 0.924925   1.132696   -2.234425  
 0.926927   1.128223   -2.233941  
 0.928929   1.123751   -2.233457  
 0.930931   1.119280   -2.232972  
 0.932933   1.114810   -2.232488  
 0.934935   1.110334   -2.247228  
 0.936937   1.105803   -2.279344  
 0.938939   1.101208   -2.311460  
 0.940941   1.096548   -2.343577  
 0.942943   1.091824   -2.375693  
 0.944945   1.087036   -2.407809  
 0.946947   1.082038   -2.588903  
 0.948949   1.076670   -2.774211  
 0.950951   1.070930   -2.959524  
 0.951952   1.067921   -3.052178  
 0.952953   1.064820   -3.144831  
 0.953954   1.061605   -3.326583  
 0.954955   1.058130   -3.615681  
 0.955956   1.054366   -3.904778  
 0.956957   1.050313   -4.193876  
 0.957958   1.045970   -4.482974  
 0.958959   1.041338   -4.772071  
 0.959960   1.036401   -5.127084  
 0.960961   1.031053   -5.559629  
 0.961962   1.025271   -5.992174  
 0.962963   1.019056   -6.424719  
 0.963964   1.012386   -6.954154  
 0.964965   1.005104   -7.595738  
 0.965966   0.997180   -8.237323  
 0.966967   0.988613   -8.878907  
 0.967968   0.979453   -9.418833  
 0.968969   0.969756   -9.955290  
 0.969970   0.959522   -10.495246 
 0.970971   0.948744   -11.039156 
 0.971972   0.937422   -11.583067 
 0.972973   0.925570   -12.095325 
 0.973974   0.913207   -12.606671 
 0.974975   0.900539   -12.691630 
 0.975976   0.887798   -12.765224 
 0.976977   0.875079   -12.642401 
 0.977978   0.862488   -12.514748 
 0.978979   0.850098   -12.237994 
 0.979980   0.837988   -11.957891 
 0.980981   0.826201   -11.590131 
 0.981982   0.814784   -11.220581 
 0.982983   0.803542   -11.247948 
 0.983984   0.792266   -11.282581 
 0.984985   0.781307   -10.601471 
 0.985986   0.771042   -9.908710  
 0.986987   0.761365   -9.428875  
 0.987988   0.752165   -8.952062  
 0.988989   0.743418   -8.576816  
 0.989990   0.734967   -8.307916  
 0.990991   0.726785   -8.039015  
 0.991992   0.718842   -7.832771  
 0.992993   0.711104   -7.627096  
 0.993994   0.703566   -7.447799  
 0.994995   0.696187   -7.295574  
 0.995996   0.688960   -7.143349  
 0.996997   0.681865   -7.032946  
 0.997998   0.674880   -6.922710  
 0.998999   0.668002   -6.828275  
 1.000000   0.661206   -6.749734  
 1.001001   0.654489   -6.671215  
 1.002002   0.647839   -6.615769  
 1.003003   0.641244   -6.560323  
 1.004004   0.634703   -6.513256  
 1.005005   0.628202   -6.474451  
 1.006006   0.621741   -6.435716  
 1.007007   0.615312   -6.408671  
 1.008008   0.608911   -6.381626  
 1.009009   0.602535   -6.358799  
 1.010010   0.596179   -6.340051  
 1.011011   0.589842   -6.321366  
 1.012012   0.583521   -6.308412  
 1.013013   0.577213   -6.295457  
 1.014014   0.570917   -6.284561  
 1.015015   0.564631   -6.275617  
 1.016016   0.558353   -6.266717  
 1.017017   0.552084   -6.260578  
 1.018018   0.545820   -6.254440  
 1.019019   0.539562   -6.249301  
 1.020020   0.533308   -6.245091  
 1.021021   0.527059   -6.237422  
 1.022022   0.520900   -6.068133  
 1.023023   0.514911   -5.898845  
 1.024024   0.509058   -5.856002  
 1.025025   0.503160   -5.928243  
 1.026026   0.497189   -6.001571  
 1.027027   0.491125   -6.115654  
 1.028028   0.484946   -6.226516  
 1.029029   0.478714   -6.225472  
 1.030030   0.472482   -6.224433  
 1.031031   0.466252   -6.223572  
 1.032032   0.460023   -6.222721  
 1.033033   0.453794   -6.222169  
 1.034034   0.447566   -6.221626  
 1.035035   0.441338   -6.221331  
 1.036036   0.435111   -6.221036  
 1.037037   0.428884   -6.220761  
 1.038038   0.422657   -6.220485  
 1.039039   0.416430   -6.220213  
 1.040040   0.410204   -6.219947  
 1.041041   0.403978   -6.219812  
 1.042042   0.397752   -6.208810  
 1.043043   0.391667   -5.949417  
 1.044044   0.385841   -5.706305  
 1.045045   0.380073   -5.817414  
 1.046046   0.374195   -5.932499  
 1.047047   0.368157   -6.130086  
 1.048048   0.361952   -6.219495  
 1.049049   0.355726   -6.219483  
 1.050050   0.349500   -6.219496  
306 psinorm ti(KeV) dti/dpsi
 0.000000   5.165080   -4.924115  
 0.004004   5.145331   -4.940543  
 0.008008   5.125516   -4.957185  
 0.012012   5.105636   -4.973265  
 0.016016   5.085691   -4.989251  
 0.020020   5.065682   -5.004988  
 0.024024   5.045611   -5.020476  
 0.028028   5.025478   -5.035714  
 0.032032   5.005285   -5.050703  
 0.036036   4.985033   -5.065442  
 0.040040   4.964722   -5.079628  
 0.044044   4.944353   -5.094172  
 0.048048   4.923928   -5.108162  
 0.052052   4.903447   -5.121903  
 0.056056   4.882912   -5.135395  
 0.060060   4.862323   -5.148933  
 0.064064   4.841682   -5.161629  
 0.068068   4.820989   -5.174519  
 0.072072   4.800246   -5.186865  
 0.076076   4.779453   -5.199109  
 0.080080   4.758611   -5.211104  
 0.084084   4.737723   -5.222848  
 0.088088   4.716787   -5.234344  
 0.092092   4.695806   -5.245589  
 0.096096   4.674781   -5.256586  
 0.100100   4.653712   -5.267332  
 0.104104   4.632600   -5.277830  
 0.108108   4.611447   -5.288077  
 0.112112   4.590254   -5.298075  
 0.116116   4.569020   -5.307824  
 0.120120   4.547749   -5.317323  
 0.124124   4.526440   -5.326573  
 0.128128   4.505094   -5.335573  
 0.132132   4.483713   -5.344323  
 0.136136   4.462297   -5.352824  
 0.140140   4.440847   -5.361076  
 0.144144   4.419366   -5.369078  
 0.148148   4.397852   -5.376830  
 0.152152   4.376308   -5.384333  
 0.156156   4.354735   -5.391587  
 0.160160   4.333133   -5.398590  
 0.164164   4.311503   -5.405345  
 0.168168   4.289847   -5.411850  
 0.172172   4.268165   -5.418105  
 0.176176   4.246459   -5.424111  
 0.180180   4.224729   -5.429867  
 0.184184   4.202977   -5.435374  
 0.188188   4.181203   -5.440758  
 0.195195   4.143050   -5.449230  
 0.200200   4.115762   -5.454905  
 0.205205   4.088447   -5.460190  
 0.210210   4.061106   -5.465085  
 0.216216   4.028266   -5.470444  
 0.222222   3.995396   -5.475242  
 0.228228   3.962499   -5.479479  
 0.234234   3.929578   -5.483154  
 0.240240   3.896636   -5.486268  
 0.246246   3.863678   -5.488820  
 0.252252   3.830706   -5.490811  
 0.258258   3.797723   -5.492240  
 0.264264   3.764734   -5.493108  
 0.270270   3.731741   -5.493414  
 0.276276   3.698748   -5.493159  
 0.282282   3.665758   -5.492343  
 0.288288   3.632775   -5.490965  
 0.294294   3.599802   -5.489026  
 0.300300   3.566842   -5.486525  
 0.301301   3.561350   -5.486054  
 0.308308   3.522922   -5.482318  
 0.315315   3.484523   -5.477817  
 0.322322   3.446157   -5.472553  
 0.329329   3.407832   -5.466524  
 0.336336   3.369551   -5.459731  
 0.343343   3.331321   -5.452174  
 0.350350   3.293146   -5.443853  
 0.357357   3.255032   -5.434768  
 0.364364   3.216985   -5.424918  
 0.371371   3.179009   -5.414305  
 0.378378   3.141110   -5.402927  
 0.385385   3.103294   -5.390785  
 0.392392   3.065566   -5.377879  
 0.399399   3.027930   -5.364208  
 0.406406   2.990393   -5.349774  
 0.413413   2.952960   -5.334575  
 0.420420   2.915636   -5.318612  
 0.427427   2.878427   -5.301885  
 0.434434   2.841337   -5.284394  
 0.441441   2.804373   -5.266138  
 0.448448   2.767539   -5.247119  
 0.455455   2.730842   -5.227335  
 0.462462   2.694285   -5.206787  
 0.469469   2.657875   -5.185475  
 0.476476   2.621618   -5.163399  
 0.483483   2.585517   -5.140559  
 0.490490   2.549579   -5.116954  
 0.497497   2.513810   -5.092586  
 0.504505   2.478214   -5.067453  
 0.511512   2.442796   -5.041556  
 0.518519   2.407563   -5.014894  
 0.525526   2.372519   -4.987469  
 0.532533   2.337670   -4.959280  
 0.539540   2.303022   -4.930326  
 0.546547   2.268579   -4.900608  
 0.553554   2.234346   -4.870126  
 0.560561   2.200330   -4.838880  
 0.567568   2.166536   -4.806869  
 0.574575   2.132968   -4.774095  
 0.581582   2.099633   -4.740556  
 0.588589   2.066536   -4.706253  
 0.595596   2.033681   -4.671186  
 0.602603   2.001076   -4.635355  
 0.609610   1.968723   -4.598760  
 0.616617   1.936630   -4.561400  
 0.624625   1.900277   -4.517768  
 0.630631   1.873243   -4.484388  
 0.636637   1.846411   -4.450448  
 0.642643   1.819785   -4.415946  
 0.648649   1.793368   -4.380882  
 0.654655   1.767163   -4.345257  
 0.660661   1.741173   -4.309070  
 0.666667   1.715403   -4.272323  
 0.672673   1.689855   -4.235013  
 0.678679   1.664533   -4.197143  
 0.685686   1.635281   -4.152251  
 0.690691   1.614580   -4.119717  
 0.695696   1.594043   -4.086794  
 0.700701   1.573672   -4.053480  
 0.705706   1.553468   -4.019777  
 0.710711   1.533434   -3.985684  
 0.715716   1.513572   -3.951201  
 0.720721   1.493884   -3.916328  
 0.725726   1.474370   -3.881065  
 0.730731   1.455035   -3.845413  
 0.735736   1.435878   -3.809370  
 0.740741   1.416903   -3.772938  
 0.745746   1.398112   -3.736116  
 0.750751   1.379505   -3.699029  
 0.755756   1.361086   -3.661301  
 0.760761   1.342856   -3.623310  
 0.764765   1.328410   -3.592636  
 0.768769   1.314087   -3.561712  
 0.772773   1.299888   -3.530540  
 0.776777   1.285815   -3.499118  
 0.780781   1.271867   -3.467446  
 0.784785   1.258048   -3.435526  
 0.788789   1.244356   -3.403357  
 0.792793   1.230794   -3.370939  
 0.796797   1.217362   -3.338273  
 0.800801   1.204061   -3.305359  
 0.804805   1.190893   -3.272198  
 0.808809   1.177858   -3.238790  
 0.812813   1.164957   -3.205137  
 0.816817   1.152191   -3.171241  
 0.820821   1.139562   -3.137104  
 0.822823   1.133299   -3.119947  
 0.825826   1.123968   -3.094100  
 0.828829   1.114715   -3.068123  
 0.831832   1.105541   -3.042018  
 0.834835   1.096445   -3.015789  
 0.837838   1.087428   -2.989442  
 0.840841   1.078491   -2.962981  
 0.843844   1.069633   -2.936414  
 0.846847   1.060855   -2.909751  
 0.849850   1.052157   -2.882908  
 0.852853   1.043539   -2.856189  
 0.855856   1.035002   -2.829327  
 0.858859   1.026546   -2.802443  
 0.861862   1.018171   -2.775571  
 0.864865   1.009876   -2.748753  
 0.867868   1.001662   -2.722043  
 0.870871   0.993527   -2.695511  
 0.873874   0.985472   -2.669245  
 0.876877   0.977496   -2.643361  
 0.879880   0.969596   -2.618003  
 0.882883   0.961771   -2.593357  
 0.885886   0.954019   -2.569664  
 0.888889   0.946337   -2.547226  
 0.892893   0.936194   -2.519954  
 0.894895   0.931161   -2.507791  
 0.896897   0.926152   -2.496860  
 0.898899   0.921163   -2.487393  
 0.900901   0.916191   -2.479661  
 0.902903   0.911233   -2.473983  
 0.904905   0.906284   -2.470734  
 0.906907   0.901339   -2.470355  
 0.908909   0.896391   -2.473364  
 0.910911   0.891434   -2.480367  
 0.912913   0.886458   -2.492077  
 0.914915   0.881453   -2.509327  
 0.916917   0.876407   -2.533092  
 0.918919   0.871306   -2.564511  
 0.920921   0.866134   -2.604908  
 0.922923   0.860871   -2.655825  
 0.924925   0.855494   -2.719049  
 0.926927   0.849977   -2.796642  
 0.928929   0.844288   -2.890979  
 0.930931   0.838392   -3.004778  
 0.932933   0.832246   -3.141132  
 0.934935   0.825801   -3.303534  
 0.936937   0.819003   -3.495892  
 0.938939   0.811787   -3.722534  
 0.940941   0.804079   -3.988176  
 0.942943   0.795796   -4.297869  
 0.944945   0.786845   -4.656887  
 0.946947   0.777122   -5.070558  
 0.948949   0.766513   -5.544003  
 0.950951   0.754892   -6.081873  
 0.951952   0.748661   -6.375980  
 0.952953   0.742127   -6.687451  
 0.953954   0.735273   -7.016394  
 0.954955   0.728080   -7.362842  
 0.955956   0.720532   -7.726652  
 0.956957   0.712611   -8.107483  
 0.957958   0.704301   -8.504765  
 0.958959   0.695585   -8.917673  
 0.959960   0.686448   -9.345097  
 0.960961   0.676876   -9.785620  
 0.961962   0.666857   -10.237490 
 0.962963   0.656380   -10.698607 
 0.963964   0.645438   -11.166504 
 0.964965   0.634025   -11.638347 
 0.965966   0.622138   -12.110930 
 0.966967   0.609779   -12.580696 
 0.967968   0.596952   -13.043754 
 0.968969   0.583665   -13.495924 
 0.969970   0.569933   -13.932778 
 0.970971   0.555772   -14.349715 
 0.971972   0.541205   -14.742028 
 0.972973   0.526258   -15.104999 
 0.973974   0.510965   -15.433995 
 0.974975   0.495360   -15.724573 
 0.975976   0.479484   -15.972588 
 0.976977   0.463382   -16.174303 
 0.977978   0.447103   -16.326491 
 0.978979   0.430697   -16.426526 
 0.979980   0.414217   -16.472465 
 0.980981   0.397719   -16.463106 
 0.981982   0.381258   -16.398031 
 0.982983   0.364890   -16.277623 
 0.983984   0.348670   -16.103054 
 0.984985   0.332652   -15.876259 
 0.985986   0.316886   -15.599881 
 0.986987   0.301421   -15.277196 
 0.987988   0.286301   -14.912024 
 0.988989   0.271567   -14.508626 
 0.989990   0.257255   -14.071599 
 0.990991   0.243395   -13.605756 
 0.991992   0.230016   -13.116024 
 0.992993   0.217137   -12.607332 
 0.993994   0.204776   -12.084519 
 0.994995   0.192944   -11.552247 
 0.995996   0.181648   -11.014930 
 0.996997   0.170892   -10.476676 
 0.997998   0.160674   -9.941245  
 0.998999   0.150990   -9.412017  
 1.000000   0.141831   -8.891979  
 1.001001   0.133188   -8.383714  
 1.002002   0.125047   -7.889412  
 1.003003   0.117393   -7.410882  
 1.004004   0.110210   -6.949568  
 1.005005   0.103480   -6.506578  
 1.006006   0.097184   -6.082709  
 1.007007   0.091303   -5.678480  
 1.008008   0.085816   -5.294161  
 1.009009   0.080704   -4.929806  
 1.010010   0.075946   -4.585280  
 1.011011   0.071524   -4.260290  
 1.012012   0.067417   -3.954411  
 1.013013   0.063607   -3.667114  
 1.014014   0.060076   -3.397781  
 1.015015   0.056805   -3.145733  
 1.016016   0.053778   -2.910240  
 1.017017   0.050979   -2.690545  
 1.018018   0.048392   -2.485868  
 1.019019   0.046002   -2.295426  
 1.020020   0.043796   -2.118434  
 1.021021   0.041761   -1.954120  
 1.022022   0.039884   -1.801727  
 1.023023   0.038154   -1.660518  
 1.024024   0.036560   -1.529782  
 1.025025   0.035091   -1.408837  
 1.026026   0.033739   -1.297027  
 1.027027   0.032495   -1.193731  
 1.028028   0.031349   -1.098357  
 1.029029   0.030296   -1.010346  
 1.030030   0.029327   -0.929171  
 1.031031   0.028435   -0.854335  
 1.032032   0.027616   -0.785373  
 1.033033   0.026863   -0.721849  
 1.034034   0.026171   -0.663354  
 1.035035   0.025535   -0.609509  
 1.036036   0.024951   -0.559958  
 1.037037   0.024414   -0.514372  
 1.038038   0.023921   -0.472443  
 1.039039   0.023468   -0.433888  
 1.040040   0.023052   -0.398442  
 1.041041   0.022670   -0.365861  
 1.042042   0.022320   -0.335919  
 1.043043   0.021998   -0.308406  
 1.044044   0.021702   -0.283129  
 1.045045   0.021431   -0.259909  
 1.046046   0.021182   -0.238582  
 1.047047   0.020954   -0.218995  
 1.048048   0.020744   -0.201008  
 1.049049   0.020551   -0.184492  
 1.050050   0.020374   -0.168680  
306 psinorm omeg(KeV) domeg/dpsi
 0.000000   10.000000  0.000000   
 0.004004   10.000000  0.000000   
 0.008008   10.000000  0.000000   
 0.012012   10.000000  0.000000   
 0.016016   10.000000  0.000000   
 0.020020   10.000000  0.000000   
 0.024024   10.000000  0.000000   
 0.028028   10.000000  0.000000   
 0.032032   10.000000  0.000000   
 0.036036   10.000000  0.000000   
 0.040040   10.000000  0.000000   
 0.044044   10.000000  0.000000   
 0.048048   10.000000  0.000000   
 0.052052   10.000000  0.000000   
 0.056056   10.000000  0.000000   
 0.060060   10.000000  0.000000   
 0.064064   10.000000  0.000000   
 0.068068   10.000000  0.000000   
 0.072072   10.000000  0.000000   
 0.076076   10.000000  0.000000   
 0.080080   10.000000  0.000000   
 0.084084   10.000000  0.000000   
 0.088088   10.000000  0.000000   
 0.092092   10.000000  0.000000   
 0.096096   10.000000  0.000000   
 0.100100   10.000000  0.000000   
 0.104104   10.000000  0.000000   
 0.108108   10.000000  0.000000   
 0.112112   10.000000  0.000000   
 0.116116   10.000000  0.000000   
 0.120120   10.000000  0.000000   
 0.124124   10.000000  0.000000   
 0.128128   10.000000  0.000000   
 0.132132   10.000000  0.000000   
 0.136136   10.000000  0.000000   
 0.140140   10.000000  0.000000   
 0.144144   10.000000  0.000000   
 0.148148   10.000000  0.000000   
 0.152152   10.000000  0.000000   
 0.156156   10.000000  0.000000   
 0.160160   10.000000  0.000000   
 0.164164   10.000000  0.000000   
 0.168168   10.000000  0.000000   
 0.172172   10.000000  0.000000   
 0.176176   10.000000  0.000000   
 0.180180   10.000000  0.000000   
 0.184184   10.000000  0.000000   
 0.188188   10.000000  0.000000   
 0.195195   10.000000  0.000000   
 0.200200   10.000000  0.000000   
 0.205205   10.000000  0.000000   
 0.210210   10.000000  0.000000   
 0.216216   10.000000  0.000000   
 0.222222   10.000000  0.000000   
 0.228228   10.000000  0.000000   
 0.234234   10.000000  0.000000   
 0.240240   10.000000  0.000000   
 0.246246   10.000000  0.000000   
 0.252252   10.000000  0.000000   
 0.258258   10.000000  0.000000   
 0.264264   10.000000  0.000000   
 0.270270   10.000000  0.000000   
 0.276276   10.000000  0.000000   
 0.282282   10.000000  0.000000   
 0.288288   10.000000  0.000000   
 0.294294   10.000000  0.000000   
 0.300300   10.000000  0.000000   
 0.301301   10.000000  0.000000   
 0.308308   10.000000  0.000000   
 0.315315   10.000000  0.000000   
 0.322322   10.000000  0.000000   
 0.329329   10.000000  0.000000   
 0.336336   10.000000  0.000000   
 0.343343   10.000000  0.000000   
 0.350350   10.000000  0.000000   
 0.357357   10.000000  0.000000   
 0.364364   10.000000  0.000000   
 0.371371   10.000000  0.000000   
 0.378378   10.000000  0.000000   
 0.385385   10.000000  0.000000   
 0.392392   10.000000  0.000000   
 0.399399   10.000000  0.000000   
 0.406406   10.000000  0.000000   
 0.413413   10.000000  0.000000   
 0.420420   10.000000  0.000000   
 0.427427   10.000000  0.000000   
 0.434434   10.000000  0.000000   
 0.441441   10.000000  0.000000   
 0.448448   10.000000  0.000000   
 0.455455   10.000000  0.000000   
 0.462462   10.000000  0.000000   
 0.469469   10.000000  0.000000   
 0.476476   10.000000  0.000000   
 0.483483   10.000000  0.000000   
 0.490490   10.000000  0.000000   
 0.497497   10.000000  0.000000   
 0.504505   10.000000  0.000000   
 0.511512   10.000000  0.000000   
 0.518519   10.000000  0.000000   
 0.525526   10.000000  0.000000   
 0.532533   10.000000  0.000000   
 0.539540   10.000000  0.000000   
 0.546547   10.000000  0.000000   
 0.553554   10.000000  0.000000   
 0.560561   10.000000  0.000000   
 0.567568   10.000000  0.000000   
 0.574575   10.000000  0.000000   
 0.581582   10.000000  0.000000   
 0.588589   10.000000  0.000000   
 0.595596   10.000000  0.000000   
 0.602603   10.000000  0.000000   
 0.609610   10.000000  0.000000   
 0.616617   10.000000  0.000000   
 0.624625   10.000000  0.000000   
 0.630631   10.000000  0.000000   
 0.636637   10.000000  0.000000   
 0.642643   10.000000  0.000000   
 0.648649   10.000000  0.000000   
 0.654655   10.000000  0.000000   
 0.660661   10.000000  0.000000   
 0.666667   10.000000  0.000000   
 0.672673   10.000000  0.000000   
 0.678679   10.000000  0.000000   
 0.685686   10.000000  0.000000   
 0.690691   10.000000  0.000000   
 0.695696   10.000000  0.000000   
 0.700701   10.000000  0.000000   
 0.705706   10.000000  0.000000   
 0.710711   10.000000  0.000000   
 0.715716   10.000000  0.000000   
 0.720721   10.000000  0.000000   
 0.725726   10.000000  0.000000   
 0.730731   10.000000  0.000000   
 0.735736   10.000000  0.000000   
 0.740741   10.000000  0.000000   
 0.745746   10.000000  0.000000   
 0.750751   10.000000  0.000000   
 0.755756   10.000000  0.000000   
 0.760761   10.000000  0.000000   
 0.764765   10.000000  0.000000   
 0.768769   10.000000  0.000000   
 0.772773   10.000000  0.000000   
 0.776777   10.000000  0.000000   
 0.780781   10.000000  0.000000   
 0.784785   10.000000  0.000000   
 0.788789   10.000000  0.000000   
 0.792793   10.000000  0.000000   
 0.796797   10.000000  0.000000   
 0.800801   10.000000  0.000000   
 0.804805   10.000000  0.000000   
 0.808809   10.000000  0.000000   
 0.812813   10.000000  0.000000   
 0.816817   10.000000  0.000000   
 0.820821   10.000000  0.000000   
 0.822823   10.000000  0.000000   
 0.825826   10.000000  0.000000   
 0.828829   10.000000  0.000000   
 0.831832   10.000000  0.000000   
 0.834835   10.000000  0.000000   
 0.837838   10.000000  0.000000   
 0.840841   10.000000  0.000000   
 0.843844   10.000000  0.000000   
 0.846847   10.000000  0.000000   
 0.849850   10.000000  0.000000   
 0.852853   10.000000  0.000000   
 0.855856   10.000000  0.000000   
 0.858859   10.000000  0.000000   
 0.861862   10.000000  0.000000   
 0.864865   10.000000  0.000000   
 0.867868   10.000000  0.000000   
 0.870871   10.000000  0.000000   
 0.873874   10.000000  0.000000   
 0.876877   10.000000  0.000000   
 0.879880   10.000000  0.000000   
 0.882883   10.000000  0.000000   
 0.885886   10.000000  0.000000   
 0.888889   10.000000  0.000000   
 0.892893   10.000000  0.000000   
 0.894895   10.000000  0.000000   
 0.896897   10.000000  0.000000   
 0.898899   10.000000  0.000000   
 0.900901   10.000000  0.000000   
 0.902903   10.000000  0.000000   
 0.904905   10.000000  0.000000   
 0.906907   10.000000  0.000000   
 0.908909   10.000000  0.000000   
 0.910911   10.000000  0.000000   
 0.912913   10.000000  0.000000   
 0.914915   10.000000  0.000000   
 0.916917   10.000000  0.000000   
 0.918919   10.000000  0.000000   
 0.920921   10.000000  0.000000   
 0.922923   10.000000  0.000000   
 0.924925   10.000000  0.000000   
 0.926927   10.000000  0.000000   
 0.928929   10.000000  0.000000   
 0.930931   10.000000  0.000000   
 0.932933   10.000000  0.000000   
 0.934935   10.000000  0.000000   
 0.936937   10.000000  0.000000   
 0.938939   10.000000  0.000000   
 0.940941   10.000000  0.000000   
 0.942943   10.000000  0.000000   
 0.944945   10.000000  0.000000   
 0.946947   10.000000  0.000000   
 0.948949   10.000000  0.000000   
 0.950951   10.000000  0.000000   
 0.951952   10.000000  0.000000   
 0.952953   10.000000  0.000000   
 0.953954   10.000000  0.000000   
 0.954955   10.000000  0.000000   
 0.955956   10.000000  0.000000   
 0.956957   10.000000  0.000000   
 0.957958   10.000000  0.000000   
 0.958959   10.000000  0.000000   
 0.959960   10.000000  0.000000   
 0.960961   10.000000  0.000000   
 0.961962   10.000000  0.000000   
 0.962963   10.000000  0.000000   
 0.963964   10.000000  0.000000   
 0.964965   10.000000  0.000000   
 0.965966   10.000000  0.000000   
 0.966967   10.000000  0.000000   
 0.967968   10.000000  0.000000   
 0.968969   10.000000  0.000000   
 0.969970   10.000000  0.000000   
 0.970971   10.000000  0.000000   
 0.971972   10.000000  0.000000   
 0.972973   10.000000  0.000000   
 0.973974   10.000000  0.000000   
 0.974975   10.000000  0.000000   
 0.975976   10.000000  0.000000   
 0.976977   10.000000  0.000000   
 0.977978   10.000000  0.000000   
 0.978979   10.000000  0.000000   
 0.979980   10.000000  0.000000   
 0.980981   10.000000  0.000000   
 0.981982   10.000000  0.000000   
 0.982983   10.000000  0.000000   
 0.983984   10.000000  0.000000   
 0.984985   10.000000  0.000000   
 0.985986   10.000000  0.000000   
 0.986987   10.000000  0.000000   
 0.987988   10.000000  0.000000   
 0.988989   10.000000  0.000000   
 0.989990   10.000000  0.000000   
 0.990991   10.000000  0.000000   
 0.991992   10.000000  0.000000   
 0.992993   10.000000  0.000000   
 0.993994   10.000000  0.000000   
 0.994995   10.000000  0.000000   
 0.995996   10.000000  0.000000   
 0.996997   10.000000  0.000000   
 0.997998   10.000000  0.000000   
 0.998999   10.000000  0.000000   
 1.000000   10.000000  0.000000   
 1.001001   10.000000  0.000000   
 1.002002   10.000000  0.000000   
 1.003003   10.000000  0.000000   
 1.004004   10.000000  0.000000   
 1.005005   10.000000  0.000000   
 1.006006   10.000000  0.000000   
 1.007007   10.000000  0.000000   
 1.008008   10.000000  0.000000   
 1.009009   10.000000  0.000000   
 1.010010   10.000000  0.000000   
 1.011011   10.000000  0.000000   
 1.012012   10.000000  0.000000   
 1.013013   10.000000  0.000000   
 1.014014   10.000000  0.000000   
 1.015015   10.000000  0.000000   
 1.016016   10.000000  0.000000   
 1.017017   10.000000  0.000000   
 1.018018   10.000000  0.000000   
 1.019019   10.000000  0.000000   
 1.020020   10.000000  0.000000   
 1.021021   10.000000  0.000000   
 1.022022   10.000000  0.000000   
 1.023023   10.000000  0.000000   
 1.024024   10.000000  0.000000   
 1.025025   10.000000  0.000000   
 1.026026   10.000000  0.000000   
 1.027027   10.000000  0.000000   
 1.028028   10.000000  0.000000   
 1.029029   10.000000  0.000000   
 1.030030   10.000000  0.000000   
 1.031031   10.000000  0.000000   
 1.032032   10.000000  0.000000   
 1.033033   10.000000  0.000000   
 1.034034   10.000000  0.000000   
 1.035035   10.000000  0.000000   
 1.036036   10.000000  0.000000   
 1.037037   10.000000  0.000000   
 1.038038   10.000000  0.000000   
 1.039039   10.000000  0.000000   
 1.040040   10.000000  0.000000   
 1.041041   10.000000  0.000000   
 1.042042   10.000000  0.000000   
 1.043043   10.000000  0.000000   
 1.044044   10.000000  0.000000   
 1.045045   10.000000  0.000000   
 1.046046   10.000000  0.000000   
 1.047047   10.000000  0.000000   
 1.048048   10.000000  0.000000   
 1.049049   10.000000  0.000000   
 1.050050   10.000000  0.000000   
