 14-Jun-13 07/22/2011
   1120907032               1
  0.101033400E+04
*1010.33              1               0 SNB  10   1 FIX    35   40
  0.142895696E+02 0.660000026E+02 0.579071760E+01 0.111140950E+07
  0.116614035E+07 0.668715138E+02-0.388357200E+01 0.217548529E+02
  0.162102964E+01 0.244038929E+00 0.507396984E+00 0.890747269E+06
  0.671163485E+02-0.515932676E+00 0.454597450E+01 0.825206120E+00
  0.397925932E+00 0.125545852E+01 0.109666082E+01 0.198966427E+01
  0.104500259E+02 0.559378925E+01 0.351126838E+01-0.750377944E+00
  0.667417346E+02 0.653325950E+02 0.636296216E+02 0.616954832E+02
  0.594940352E+02 0.570497687E+02 0.543654199E+02 0.514581324E+02
  0.482739933E+02 0.448168554E+02
  0.159384440E+15 0.161530290E+15 0.165437319E+15 0.167371345E+15
  0.173243233E+15 0.175723482E+15 0.176847850E+15 0.186968426E+15
  0.000000000E+00 0.000000000E+00
  0.435097057E+02
  0.000000000E+00
  0.429253155E+01 0.823029275E+00 0.215265641E+01 0.998446205E+00
  0.707152998E+00 0.648771745E+01-0.500000000E+02-0.500000000E+02
 -0.500000000E+02-0.161554132E-01 0.218029102E+04 0.143297525E+06
  0.240155059E-07 0.122015691E+01 0.829712574E+00 0.866126688E-02
  0.130893285E+01 0.633650609E+02 0.000000000E+00 0.000000000E+00
  0.558331671E+02-0.391488333E+02 0.537199559E+02 0.497280029E+02
  0.725738129E+01-0.500000000E+02 0.585210942E+01 0.560754991E+01
  0.102978275E+02 0.174822724E+02 0.200958098E+02 0.109666082E+01
  0.681558582E+02-0.186360910E+00 0.116412726E+00 0.258942072E+02
  0.269808252E+00 0.559519758E+00 0.971609331E+05 0.103828305E-01
  0.671827970E+00 0.175572141E+02 0.114697255E+01 0.000000000E+00
    26   40   15    3
 -0.373040363E-01-0.388504797E-01-0.394617594E-01-0.404531803E-01
 -0.405779829E-01-0.365153196E-01-0.332713103E-01-0.429045296E-01
 -0.466448382E-01-0.838270390E-01-0.177632747E+00-0.235164001E+00
 -0.161007734E+00-0.137350345E+00-0.164449941E+00-0.244190442E+00
 -0.194946715E+00-0.971180484E-01-0.699896189E-01-0.340345465E-01
  0.216310694E-01 0.669405585E-02-0.289682428E-01-0.402762527E-01
 -0.410169394E-01-0.395473764E-01 0.127623601E+01 0.969299483E+00
  0.477288193E+00 0.246804288E+00-0.319890401E-01-0.527940812E-01
 -0.799075357E-01-0.748990043E-01 0.407051135E+00 0.632291266E+00
  0.850405377E+00 0.418334562E+00 0.518074463E+00 0.517020375E+00
  0.402333652E+00 0.896971969E+00 0.765218858E+00 0.731501442E+00
 -0.122112151E+00-0.508725839E-01-0.902698278E+00-0.768349649E+00
  0.562240892E+00 0.696317779E+00 0.103901875E+01 0.130081049E+01
  0.882549446E+00 0.876032081E+00 0.852425766E+00 0.826003345E+00
  0.804081964E+00 0.785658793E+00 0.773872361E+00 0.777916130E+00
  0.794047658E+00 0.817007642E+00 0.844514485E+00 0.879327777E+00
  0.914326080E+00 0.933885107E+00
 -0.147602172E+07-0.203876814E+05-0.171523579E+06-0.379110590E+05
  0.359544110E+06 0.252917862E+06 0.111480682E+06-0.519084491E+06
 -0.515937193E+06-0.316145295E+06-0.302486079E+06 0.133482307E+05
 -0.145695032E+05 0.801861116E+05 0.801834335E+05
 -0.114071350E+05-0.764650940E+03-0.637100050E+04
  0.475051500E+07 0.468349992E+02-0.442051700E+02 0.621285646E+02
 -0.521823268E+02 0.000000000E+00 0.000000000E+00 0.000000000E+00
  0.000000000E+00 0.000000000E+00 0.293598108E+02 0.195976764E+01
  0.282583051E+00 0.867762443E+00-0.245879058E+01-0.121740731E+00
 -0.889329524E+00 0.000000000E+00 0.999000000E+03 0.314054868E+01
  0.796307015E+01 0.829712574E+00 0.000000000E+00-0.569811888E-01
  0.261436421E+01 0.472485586E+01 0.407925812E+01 0.000000000E+00
  0.156966295E+00 0.287560652E+00 0.451380970E+00 0.885727859E+00
  0.721970455E+01 0.301939706E+01 0.116475702E+02 0.709286741E+01
 -0.890000000E+02-0.890000000E+02-0.890000000E+02-0.890000000E+02
  0.139342139E+01-0.890000000E+02-0.890000000E+02 0.468349992E+02
 -0.442051700E+02-0.890000000E+02-0.890000000E+02 0.621285646E+02
 -0.521823268E+02 0.266925033E+08-0.776454930E+00-0.890000000E+02
 -0.239185887E+01 0.406585333E+00 0.000000000E+00 0.000000000E+00
 00101225-Jul-2011 08:50:511120907032.01010 KIN
